{
    "plddt": [
        62.130516052246094,
        60.207603454589844,
        62.49330139160156,
        59.25928497314453,
        59.86049270629883,
        55.020748138427734,
        50.4618034362793,
        46.68839645385742,
        69.80242156982422,
        67.84001159667969,
        69.49944305419922,
        66.6651382446289,
        67.39099884033203,
        63.594364166259766,
        59.289817810058594,
        60.1236572265625,
        76.8796615600586,
        75.32649993896484,
        77.21540069580078,
        74.63685607910156,
        73.58080291748047,
        64.65715026855469,
        76.66651916503906,
        74.42886352539062,
        76.51901245117188,
        75.16769409179688,
        73.02647399902344,
        69.18518829345703,
        63.358497619628906,
        64.22893524169922,
        80.94647216796875,
        79.39574432373047,
        80.83454132080078,
        78.94161987304688,
        78.6568374633789,
        69.23096466064453,
        64.74788665771484,
        59.03742218017578,
        56.83627700805664,
        80.41242218017578,
        78.54743957519531,
        80.14013671875,
        78.60088348388672,
        77.3197021484375,
        73.27700805664062,
        66.86102294921875,
        67.48987579345703,
        79.31967163085938,
        78.62254333496094,
        79.45751190185547,
        78.65259552001953,
        78.50723266601562,
        77.85118103027344,
        73.33323669433594,
        72.55265045166016,
        70.88109588623047,
        71.52142333984375,
        73.68141174316406,
        80.28462982177734,
        78.83516693115234,
        80.17779541015625,
        79.48371124267578,
        78.14131164550781,
        71.74735260009766,
        69.2146987915039,
        63.38535690307617,
        58.50302505493164,
        82.13317108154297,
        80.84276580810547,
        82.26681518554688,
        81.4671630859375,
        80.53313446044922,
        78.1021499633789,
        76.3747787475586,
        77.87171936035156,
        76.25277709960938,
        75.3437728881836,
        67.71416473388672,
        69.28170013427734,
        77.08525848388672,
        75.44950103759766,
        77.14718627929688,
        75.7643814086914,
        74.52911376953125,
        71.91532135009766,
        67.58415985107422,
        65.45674896240234,
        62.79526901245117,
        63.40827941894531,
        63.99507522583008,
        74.77088165283203,
        72.82476806640625,
        75.46292877197266,
        73.31739807128906,
        74.5259780883789,
        73.34040832519531,
        74.88986206054688,
        74.06122589111328,
        72.42871856689453,
        67.28882598876953,
        63.60935974121094,
        58.08491516113281,
        77.5672836303711,
        76.01776885986328,
        77.18541717529297,
        75.33885192871094,
        75.14419555664062,
        68.34042358398438,
        68.86625671386719,
        76.71485900878906,
        74.9315414428711,
        76.35990905761719,
        74.60240173339844,
        73.56707000732422,
        67.31539916992188,
        66.33536529541016,
        62.4615364074707,
        57.91714096069336,
        54.28289031982422,
        52.457820892333984,
        78.59175109863281,
        76.93338012695312,
        78.71471405029297,
        77.18759155273438,
        75.59384155273438,
        66.51583099365234,
        78.82396697998047,
        77.30439758300781,
        78.92303466796875,
        78.26752471923828,
        76.87428283691406,
        74.6510009765625,
        73.727294921875,
        75.03682708740234,
        74.14766693115234,
        72.78662872314453,
        69.6455307006836,
        66.43444061279297,
        64.62080383300781,
        61.894737243652344,
        62.568580627441406,
        63.41089630126953,
        78.45861053466797,
        76.85921478271484,
        78.37916564941406,
        76.61689758300781,
        75.6697006225586,
        80.8193588256836,
        79.26998138427734,
        80.8292007446289,
        78.931884765625,
        77.92990112304688,
        72.4888916015625,
        65.06836700439453,
        64.35433959960938,
        73.84036254882812,
        72.65519714355469,
        73.71770477294922,
        72.12118530273438,
        72.3399887084961,
        68.52299499511719,
        63.59550857543945,
        63.74365234375,
        74.30067443847656,
        72.54850769042969,
        74.75647735595703,
        72.51473999023438,
        71.04894256591797,
        67.4046859741211,
        70.45404052734375,
        76.10047149658203,
        74.53285217285156,
        76.24090576171875,
        73.43829345703125,
        73.10264587402344,
        67.25405883789062,
        61.86969757080078,
        61.81024932861328,
        73.6312255859375,
        72.38108825683594,
        73.74565887451172,
        69.44770812988281,
        70.97518157958984,
        67.82009887695312,
        59.148468017578125,
        65.85879516601562,
        58.383663177490234,
        62.96205520629883,
        58.052696228027344,
        56.77113342285156,
        53.81425476074219,
        53.91256332397461,
        72.93880462646484,
        70.7825927734375,
        72.68577575683594,
        72.3110122680664,
        70.560546875,
        65.28471374511719,
        63.37678527832031,
        57.49285125732422,
        53.1196174621582,
        72.5647201538086,
        70.32233428955078,
        71.72425842285156,
        70.98477172851562,
        70.22198486328125,
        66.82569885253906,
        64.853759765625,
        59.92142105102539,
        59.26902770996094,
        74.75660705566406,
        72.69142150878906,
        74.23677062988281,
        73.06665802001953,
        72.38201141357422,
        66.98422241210938,
        63.958656311035156,
        58.1756706237793,
        56.432037353515625,
        73.10710144042969,
        71.31141662597656,
        73.2879867553711,
        71.121337890625,
        70.06636047363281,
        65.4185562133789,
        59.17716598510742,
        59.40492248535156,
        67.79019927978516,
        65.40940856933594,
        67.20045471191406,
        65.52693939208984,
        65.32621765136719,
        62.54636001586914,
        58.65825271606445,
        58.325565338134766,
        62.36817169189453,
        60.05238342285156,
        61.88186264038086,
        58.675777435302734,
        58.928321838378906,
        54.771759033203125,
        52.939022064208984,
        48.714656829833984,
        45.59494400024414
    ],
    "pde": [
        [
            0.2515093982219696,
            0.6561088562011719,
            1.1175923347473145,
            1.4447884559631348,
            1.776029109954834,
            1.7096226215362549,
            1.957327127456665,
            1.9196847677230835,
            2.0853805541992188,
            2.4225282669067383,
            2.59310245513916,
            2.691617488861084,
            2.780062437057495,
            3.240675687789917,
            3.8208508491516113,
            3.7746667861938477,
            3.620793104171753,
            3.9741082191467285,
            4.2818098068237305,
            4.281160831451416,
            4.600174903869629,
            4.958669662475586,
            5.4995622634887695,
            5.891360282897949,
            5.500633239746094,
            6.143556118011475,
            6.478150367736816,
            6.283255577087402,
            7.110299110412598,
            8.388391494750977
        ],
        [
            0.6561088562011719,
            0.250688374042511,
            0.5600969195365906,
            0.8667939305305481,
            1.6116057634353638,
            1.9262285232543945,
            2.0782060623168945,
            1.5256643295288086,
            1.7629759311676025,
            2.861855983734131,
            2.814941883087158,
            2.2057902812957764,
            2.5679335594177246,
            2.4782729148864746,
            3.2230587005615234,
            2.9763035774230957,
            2.96706223487854,
            4.002938270568848,
            3.4572103023529053,
            3.4337759017944336,
            4.191504955291748,
            4.180555820465088,
            4.793853759765625,
            5.075389862060547,
            5.1846022605896,
            6.102604866027832,
            6.385715484619141,
            6.15102481842041,
            7.548207759857178,
            8.362081527709961
        ],
        [
            1.1175923347473145,
            0.5600969195365906,
            0.25060760974884033,
            0.4774773418903351,
            1.0893970727920532,
            1.3665802478790283,
            1.208630084991455,
            1.1506428718566895,
            1.2908589839935303,
            1.4739971160888672,
            1.5852091312408447,
            1.6327881813049316,
            1.817307710647583,
            2.3660528659820557,
            2.5942206382751465,
            2.7257299423217773,
            2.594606399536133,
            2.693453788757324,
            3.0202465057373047,
            3.06974196434021,
            3.29038667678833,
            3.5831849575042725,
            3.908241033554077,
            4.312163352966309,
            4.0493574142456055,
            4.732077598571777,
            4.839540004730225,
            4.695054054260254,
            6.023962497711182,
            6.426812171936035
        ],
        [
            1.4447884559631348,
            0.8667939305305481,
            0.4774773418903351,
            0.25055283308029175,
            0.46041756868362427,
            0.5923284292221069,
            1.0659737586975098,
            1.1087541580200195,
            1.0058292150497437,
            1.1505507230758667,
            1.410819411277771,
            1.581797480583191,
            1.9514774084091187,
            2.8945932388305664,
            2.995305061340332,
            3.048214912414551,
            2.6436877250671387,
            2.6449027061462402,
            3.0931880474090576,
            3.159108877182007,
            3.0439560413360596,
            3.234917402267456,
            3.6061487197875977,
            3.816614866256714,
            3.7521629333496094,
            4.293217658996582,
            4.296523094177246,
            4.282674789428711,
            5.4999895095825195,
            6.049367904663086
        ],
        [
            1.776029109954834,
            1.6116057634353638,
            1.0893970727920532,
            0.46041756868362427,
            0.2511480450630188,
            0.44337719678878784,
            0.6327804923057556,
            0.9961338043212891,
            1.123136281967163,
            0.973326563835144,
            1.1595656871795654,
            1.417236089706421,
            1.6523594856262207,
            2.1437480449676514,
            2.161433219909668,
            2.386873245239258,
            2.2084810733795166,
            2.203186511993408,
            2.557927131652832,
            2.6659326553344727,
            2.8376481533050537,
            3.2201719284057617,
            3.6980395317077637,
            3.969510078430176,
            3.6882476806640625,
            4.313940048217773,
            4.370101451873779,
            4.464175224304199,
            5.652127265930176,
            5.943009853363037
        ],
        [
            1.7096226215362549,
            1.9262285232543945,
            1.3665802478790283,
            0.5923284292221069,
            0.44337719678878784,
            0.2506788671016693,
            0.42860329151153564,
            0.5564290881156921,
            0.9476021528244019,
            1.145334005355835,
            1.0844027996063232,
            1.1231935024261475,
            1.4508717060089111,
            1.7023468017578125,
            1.9230515956878662,
            2.085090398788452,
            1.791693925857544,
            2.0949649810791016,
            2.2979483604431152,
            2.4317374229431152,
            2.859445095062256,
            3.1916000843048096,
            3.693504810333252,
            3.989319324493408,
            4.054734230041504,
            4.686188697814941,
            5.031887054443359,
            5.118850231170654,
            6.373038291931152,
            7.071109294891357
        ],
        [
            1.957327127456665,
            2.0782060623168945,
            1.208630084991455,
            1.0659737586975098,
            0.6327804923057556,
            0.42860329151153564,
            0.2533988356590271,
            0.40855562686920166,
            0.5150113105773926,
            0.797326922416687,
            1.0932304859161377,
            1.108196496963501,
            1.3976502418518066,
            1.5126562118530273,
            2.1565322875976562,
            1.7204443216323853,
            1.6670658588409424,
            2.1784749031066895,
            2.1627418994903564,
            2.195262908935547,
            2.704493522644043,
            2.957752227783203,
            3.457773208618164,
            3.6614251136779785,
            3.985133171081543,
            4.832305908203125,
            4.725877285003662,
            4.715120315551758,
            6.705161094665527,
            6.764516353607178
        ],
        [
            1.9196847677230835,
            1.5256643295288086,
            1.1506428718566895,
            1.1087541580200195,
            0.9961338043212891,
            0.5564290881156921,
            0.40855562686920166,
            0.25064635276794434,
            0.3935554027557373,
            0.5304867029190063,
            0.7846102714538574,
            1.25359308719635,
            1.407291293144226,
            1.95619797706604,
            1.7574102878570557,
            1.8456578254699707,
            1.8817219734191895,
            1.8869695663452148,
            1.9410265684127808,
            2.2221732139587402,
            2.6486940383911133,
            2.8153324127197266,
            3.262650728225708,
            3.5741429328918457,
            3.848693609237671,
            4.318287372589111,
            4.486101150512695,
            4.66972541809082,
            5.9760003089904785,
            6.154365062713623
        ],
        [
            2.0853805541992188,
            1.7629759311676025,
            1.2908589839935303,
            1.0058292150497437,
            1.123136281967163,
            0.9476021528244019,
            0.5150113105773926,
            0.3935554027557373,
            0.25090616941452026,
            0.4204111099243164,
            0.6002287864685059,
            0.9466818571090698,
            1.1757820844650269,
            1.4705969095230103,
            1.5687583684921265,
            1.7581121921539307,
            1.5980656147003174,
            1.749272346496582,
            1.9141976833343506,
            2.1708569526672363,
            2.6766598224639893,
            3.0138697624206543,
            3.6256301403045654,
            3.9437096118927,
            4.185976028442383,
            4.557374000549316,
            5.006576061248779,
            5.359473705291748,
            6.3442487716674805,
            7.032154560089111
        ],
        [
            2.4225282669067383,
            2.861855983734131,
            1.4739971160888672,
            1.1505507230758667,
            0.973326563835144,
            1.145334005355835,
            0.797326922416687,
            0.5304867029190063,
            0.4204111099243164,
            0.25084394216537476,
            0.466384619474411,
            0.6310677528381348,
            1.0136971473693848,
            1.3560484647750854,
            1.5167981386184692,
            1.6097551584243774,
            1.476387619972229,
            1.8532285690307617,
            1.7984589338302612,
            1.9778728485107422,
            2.8478894233703613,
            3.2195029258728027,
            3.804847240447998,
            4.336887359619141,
            5.052797317504883,
            5.125130653381348,
            6.057648658752441,
            6.330983638763428,
            7.771517276763916,
            8.311086654663086
        ],
        [
            2.59310245513916,
            2.814941883087158,
            1.5852091312408447,
            1.410819411277771,
            1.1595656871795654,
            1.0844027996063232,
            1.0932304859161377,
            0.7846102714538574,
            0.6002287864685059,
            0.466384619474411,
            0.2513754963874817,
            0.38409537076950073,
            0.987647294998169,
            1.0938996076583862,
            1.5519996881484985,
            1.5143325328826904,
            1.4402137994766235,
            2.117860794067383,
            1.826831340789795,
            1.8890583515167236,
            2.973349094390869,
            3.171581268310547,
            3.856624126434326,
            4.191114902496338,
            5.481822490692139,
            5.655022621154785,
            5.833014011383057,
            6.107706546783447,
            7.921762943267822,
            7.690756797790527
        ],
        [
            2.691617488861084,
            2.2057902812957764,
            1.6327881813049316,
            1.581797480583191,
            1.417236089706421,
            1.1231935024261475,
            1.108196496963501,
            1.25359308719635,
            0.9466818571090698,
            0.6310677528381348,
            0.38409537076950073,
            0.25075986981391907,
            0.38268885016441345,
            0.7441224455833435,
            1.352168083190918,
            1.587019681930542,
            1.312793493270874,
            1.5386271476745605,
            1.562605381011963,
            1.8358938694000244,
            2.418313503265381,
            2.62099027633667,
            3.108992576599121,
            3.560608386993408,
            4.299294471740723,
            4.1996917724609375,
            4.707193374633789,
            5.117980003356934,
            6.352115154266357,
            5.797549247741699
        ],
        [
            2.780062437057495,
            2.5679335594177246,
            1.817307710647583,
            1.9514774084091187,
            1.6523594856262207,
            1.4508717060089111,
            1.3976502418518066,
            1.407291293144226,
            1.1757820844650269,
            1.0136971473693848,
            0.987647294998169,
            0.38268885016441345,
            0.251016229391098,
            0.5010992288589478,
            0.7602144479751587,
            1.0992616415023804,
            1.5349154472351074,
            1.4490423202514648,
            1.294351577758789,
            1.717088222503662,
            2.518198251724243,
            2.442051410675049,
            2.6996910572052,
            3.202756643295288,
            4.292957305908203,
            3.818127393722534,
            3.9148707389831543,
            4.532770156860352,
            6.092899322509766,
            4.906037330627441
        ],
        [
            3.240675687789917,
            2.4782729148864746,
            2.3660528659820557,
            2.8945932388305664,
            2.1437480449676514,
            1.7023468017578125,
            1.5126562118530273,
            1.95619797706604,
            1.4705969095230103,
            1.3560484647750854,
            1.0938996076583862,
            0.7441224455833435,
            0.5010992288589478,
            0.2505205571651459,
            0.4273153245449066,
            0.8520331978797913,
            0.955685019493103,
            1.0177526473999023,
            1.0774763822555542,
            1.3905353546142578,
            1.750789761543274,
            1.9587557315826416,
            2.3036770820617676,
            2.801664352416992,
            3.0444633960723877,
            3.363466262817383,
            3.3013486862182617,
            3.5327439308166504,
            4.420546054840088,
            4.348904132843018
        ],
        [
            3.8208508491516113,
            3.2230587005615234,
            2.5942206382751465,
            2.995305061340332,
            2.161433219909668,
            1.9230515956878662,
            2.1565322875976562,
            1.7574102878570557,
            1.5687583684921265,
            1.5167981386184692,
            1.5519996881484985,
            1.352168083190918,
            0.7602144479751587,
            0.4273153245449066,
            0.25050920248031616,
            0.41526123881340027,
            0.4986538290977478,
            0.8392394781112671,
            1.1461853981018066,
            1.0316038131713867,
            1.4788007736206055,
            1.8499183654785156,
            2.3691346645355225,
            2.685891628265381,
            2.9615204334259033,
            3.766998291015625,
            3.5180742740631104,
            3.4044339656829834,
            4.492116928100586,
            4.580240249633789
        ],
        [
            3.7746667861938477,
            2.9763035774230957,
            2.7257299423217773,
            3.048214912414551,
            2.386873245239258,
            2.085090398788452,
            1.7204443216323853,
            1.8456578254699707,
            1.7581121921539307,
            1.6097551584243774,
            1.5143325328826904,
            1.587019681930542,
            1.0992616415023804,
            0.8520331978797913,
            0.41526123881340027,
            0.2508344054222107,
            0.39131081104278564,
            0.5327329039573669,
            0.9617938995361328,
            1.360670566558838,
            1.208519697189331,
            1.6314666271209717,
            1.954591989517212,
            2.3128528594970703,
            2.4543049335479736,
            2.9987080097198486,
            2.8231897354125977,
            2.952652931213379,
            3.6251273155212402,
            3.7433409690856934
        ],
        [
            3.620793104171753,
            2.96706223487854,
            2.594606399536133,
            2.6436877250671387,
            2.2084810733795166,
            1.791693925857544,
            1.6670658588409424,
            1.8817219734191895,
            1.5980656147003174,
            1.476387619972229,
            1.4402137994766235,
            1.312793493270874,
            1.5349154472351074,
            0.955685019493103,
            0.4986538290977478,
            0.39131081104278564,
            0.25102853775024414,
            0.38451510667800903,
            0.5324622392654419,
            1.12571120262146,
            1.4798295497894287,
            1.5314819812774658,
            1.7872897386550903,
            2.1218881607055664,
            2.6267426013946533,
            2.8555045127868652,
            2.6842639446258545,
            2.8896963596343994,
            3.96777606010437,
            3.74476957321167
        ],
        [
            3.9741082191467285,
            4.002938270568848,
            2.693453788757324,
            2.6449027061462402,
            2.203186511993408,
            2.0949649810791016,
            2.1784749031066895,
            1.8869695663452148,
            1.749272346496582,
            1.8532285690307617,
            2.117860794067383,
            1.5386271476745605,
            1.4490423202514648,
            1.0177526473999023,
            0.8392394781112671,
            0.5327329039573669,
            0.38451510667800903,
            0.2516017258167267,
            0.42822563648223877,
            0.5889586806297302,
            1.3183696269989014,
            1.4156166315078735,
            1.8564962148666382,
            2.1638612747192383,
            2.5607717037200928,
            3.4492855072021484,
            3.019007682800293,
            3.169564723968506,
            4.593597412109375,
            4.326406478881836
        ],
        [
            4.2818098068237305,
            3.4572103023529053,
            3.0202465057373047,
            3.0931880474090576,
            2.557927131652832,
            2.2979483604431152,
            2.1627418994903564,
            1.9410265684127808,
            1.9141976833343506,
            1.7984589338302612,
            1.826831340789795,
            1.562605381011963,
            1.294351577758789,
            1.0774763822555542,
            1.1461853981018066,
            0.9617938995361328,
            0.5324622392654419,
            0.42822563648223877,
            0.25088316202163696,
            0.4586338996887207,
            0.7092660665512085,
            1.38899827003479,
            1.7624496221542358,
            1.9197429418563843,
            2.2108709812164307,
            3.1696882247924805,
            2.711902141571045,
            2.5982441902160645,
            3.504953384399414,
            3.3224315643310547
        ],
        [
            4.281160831451416,
            3.4337759017944336,
            3.06974196434021,
            3.159108877182007,
            2.6659326553344727,
            2.4317374229431152,
            2.195262908935547,
            2.2221732139587402,
            2.1708569526672363,
            1.9778728485107422,
            1.8890583515167236,
            1.8358938694000244,
            1.717088222503662,
            1.3905353546142578,
            1.0316038131713867,
            1.360670566558838,
            1.12571120262146,
            0.5889586806297302,
            0.4586338996887207,
            0.2508235573768616,
            0.5114549398422241,
            0.8719274997711182,
            1.27084481716156,
            1.626206874847412,
            1.7665891647338867,
            2.0069563388824463,
            2.010979652404785,
            2.178615093231201,
            2.8163444995880127,
            2.8504629135131836
        ],
        [
            4.600174903869629,
            4.191504955291748,
            3.29038667678833,
            3.0439560413360596,
            2.8376481533050537,
            2.859445095062256,
            2.704493522644043,
            2.6486940383911133,
            2.6766598224639893,
            2.8478894233703613,
            2.973349094390869,
            2.418313503265381,
            2.518198251724243,
            1.750789761543274,
            1.4788007736206055,
            1.208519697189331,
            1.4798295497894287,
            1.3183696269989014,
            0.7092660665512085,
            0.5114549398422241,
            0.25157418847084045,
            0.4982825517654419,
            0.7904468774795532,
            1.2452348470687866,
            2.343902111053467,
            2.1036243438720703,
            1.7012951374053955,
            2.160867691040039,
            2.7129335403442383,
            2.5001273155212402
        ],
        [
            4.958669662475586,
            4.180555820465088,
            3.5831849575042725,
            3.234917402267456,
            3.2201719284057617,
            3.1916000843048096,
            2.957752227783203,
            2.8153324127197266,
            3.0138697624206543,
            3.2195029258728027,
            3.171581268310547,
            2.62099027633667,
            2.442051410675049,
            1.9587557315826416,
            1.8499183654785156,
            1.6314666271209717,
            1.5314819812774658,
            1.4156166315078735,
            1.38899827003479,
            0.8719274997711182,
            0.4982825517654419,
            0.25068292021751404,
            0.5176280736923218,
            1.238837718963623,
            1.5502896308898926,
            1.3510557413101196,
            1.42169189453125,
            1.751909852027893,
            1.9805803298950195,
            2.1230106353759766
        ],
        [
            5.4995622634887695,
            4.793853759765625,
            3.908241033554077,
            3.6061487197875977,
            3.6980395317077637,
            3.693504810333252,
            3.457773208618164,
            3.262650728225708,
            3.6256301403045654,
            3.804847240447998,
            3.856624126434326,
            3.108992576599121,
            2.6996910572052,
            2.3036770820617676,
            2.3691346645355225,
            1.954591989517212,
            1.7872897386550903,
            1.8564962148666382,
            1.7624496221542358,
            1.27084481716156,
            0.7904468774795532,
            0.5176280736923218,
            0.2508958578109741,
            0.5226733088493347,
            0.67994225025177,
            1.3874117136001587,
            1.7326745986938477,
            1.297281265258789,
            1.528285264968872,
            1.992235541343689
        ],
        [
            5.891360282897949,
            5.075389862060547,
            4.312163352966309,
            3.816614866256714,
            3.969510078430176,
            3.989319324493408,
            3.6614251136779785,
            3.5741429328918457,
            3.9437096118927,
            4.336887359619141,
            4.191114902496338,
            3.560608386993408,
            3.202756643295288,
            2.801664352416992,
            2.685891628265381,
            2.3128528594970703,
            2.1218881607055664,
            2.1638612747192383,
            1.9197429418563843,
            1.626206874847412,
            1.2452348470687866,
            1.238837718963623,
            0.5226733088493347,
            0.25135859847068787,
            0.48575231432914734,
            0.6806271076202393,
            1.429343581199646,
            1.6958526372909546,
            1.244494915008545,
            1.674829363822937
        ],
        [
            5.500633239746094,
            5.1846022605896,
            4.0493574142456055,
            3.7521629333496094,
            3.6882476806640625,
            4.054734230041504,
            3.985133171081543,
            3.848693609237671,
            4.185976028442383,
            5.052797317504883,
            5.481822490692139,
            4.299294471740723,
            4.292957305908203,
            3.0444633960723877,
            2.9615204334259033,
            2.4543049335479736,
            2.6267426013946533,
            2.5607717037200928,
            2.2108709812164307,
            1.7665891647338867,
            2.343902111053467,
            1.5502896308898926,
            0.67994225025177,
            0.48575231432914734,
            0.25056180357933044,
            0.5034778118133545,
            0.6561568379402161,
            1.6140016317367554,
            1.6853728294372559,
            1.509739637374878
        ],
        [
            6.143556118011475,
            6.102604866027832,
            4.732077598571777,
            4.293217658996582,
            4.313940048217773,
            4.686188697814941,
            4.832305908203125,
            4.318287372589111,
            4.557374000549316,
            5.125130653381348,
            5.655022621154785,
            4.1996917724609375,
            3.818127393722534,
            3.363466262817383,
            3.766998291015625,
            2.9987080097198486,
            2.8555045127868652,
            3.4492855072021484,
            3.1696882247924805,
            2.0069563388824463,
            2.1036243438720703,
            1.3510557413101196,
            1.3874117136001587,
            0.6806271076202393,
            0.5034778118133545,
            0.250693678855896,
            0.4823174774646759,
            0.6734977960586548,
            1.2237943410873413,
            1.9839940071105957
        ],
        [
            6.478150367736816,
            6.385715484619141,
            4.839540004730225,
            4.296523094177246,
            4.370101451873779,
            5.031887054443359,
            4.725877285003662,
            4.486101150512695,
            5.006576061248779,
            6.057648658752441,
            5.833014011383057,
            4.707193374633789,
            3.9148707389831543,
            3.3013486862182617,
            3.5180742740631104,
            2.8231897354125977,
            2.6842639446258545,
            3.019007682800293,
            2.711902141571045,
            2.010979652404785,
            1.7012951374053955,
            1.42169189453125,
            1.7326745986938477,
            1.429343581199646,
            0.6561568379402161,
            0.4823174774646759,
            0.2508006691932678,
            0.48113107681274414,
            0.7060501575469971,
            1.743321418762207
        ],
        [
            6.283255577087402,
            6.15102481842041,
            4.695054054260254,
            4.282674789428711,
            4.464175224304199,
            5.118850231170654,
            4.715120315551758,
            4.66972541809082,
            5.359473705291748,
            6.330983638763428,
            6.107706546783447,
            5.117980003356934,
            4.532770156860352,
            3.5327439308166504,
            3.4044339656829834,
            2.952652931213379,
            2.8896963596343994,
            3.169564723968506,
            2.5982441902160645,
            2.178615093231201,
            2.160867691040039,
            1.751909852027893,
            1.297281265258789,
            1.6958526372909546,
            1.6140016317367554,
            0.6734977960586548,
            0.48113107681274414,
            0.25063374638557434,
            0.49606990814208984,
            0.8940614461898804
        ],
        [
            7.110299110412598,
            7.548207759857178,
            6.023962497711182,
            5.4999895095825195,
            5.652127265930176,
            6.373038291931152,
            6.705161094665527,
            5.9760003089904785,
            6.3442487716674805,
            7.771517276763916,
            7.921762943267822,
            6.352115154266357,
            6.092899322509766,
            4.420546054840088,
            4.492116928100586,
            3.6251273155212402,
            3.96777606010437,
            4.593597412109375,
            3.504953384399414,
            2.8163444995880127,
            2.7129335403442383,
            1.9805803298950195,
            1.528285264968872,
            1.244494915008545,
            1.6853728294372559,
            1.2237943410873413,
            0.7060501575469971,
            0.49606990814208984,
            0.2509043216705322,
            0.5924398303031921
        ],
        [
            8.388391494750977,
            8.362081527709961,
            6.426812171936035,
            6.049367904663086,
            5.943009853363037,
            7.071109294891357,
            6.764516353607178,
            6.154365062713623,
            7.032154560089111,
            8.311086654663086,
            7.690756797790527,
            5.797549247741699,
            4.906037330627441,
            4.348904132843018,
            4.580240249633789,
            3.7433409690856934,
            3.74476957321167,
            4.326406478881836,
            3.3224315643310547,
            2.8504629135131836,
            2.5001273155212402,
            2.1230106353759766,
            1.992235541343689,
            1.674829363822937,
            1.509739637374878,
            1.9839940071105957,
            1.743321418762207,
            0.8940614461898804,
            0.5924398303031921,
            0.2514374554157257
        ]
    ]
}