{
    "plddt": [
        60.648109436035156,
        58.69779586791992,
        61.03097152709961,
        57.80938720703125,
        58.65424346923828,
        53.90248107910156,
        49.18638610839844,
        45.474082946777344,
        69.40922546386719,
        67.43435668945312,
        69.0906982421875,
        66.32010650634766,
        67.05702209472656,
        63.380897521972656,
        59.23760986328125,
        59.96967697143555,
        75.65985107421875,
        74.05668640136719,
        75.93566131591797,
        73.18330383300781,
        72.29319763183594,
        63.70599365234375,
        75.56826782226562,
        73.34217834472656,
        75.41275787353516,
        74.1278305053711,
        72.04997253417969,
        68.36550903320312,
        62.781185150146484,
        63.677120208740234,
        80.6787109375,
        79.11212158203125,
        80.57831573486328,
        78.74187469482422,
        78.31763458251953,
        68.96378326416016,
        64.51272583007812,
        58.85337448120117,
        56.64350891113281,
        79.66321563720703,
        77.81210327148438,
        79.36318969726562,
        77.82268524169922,
        76.60975646972656,
        72.640625,
        66.45514678955078,
        66.99980163574219,
        78.63056945800781,
        77.9232406616211,
        78.82859802246094,
        78.12175750732422,
        77.78446960449219,
        77.06346130371094,
        72.50932312011719,
        71.65182495117188,
        70.01753997802734,
        70.73324584960938,
        72.93803405761719,
        79.46092987060547,
        77.98148345947266,
        79.3467788696289,
        78.65645599365234,
        77.30680847167969,
        71.07318878173828,
        68.65843963623047,
        62.93967819213867,
        58.19618606567383,
        81.78770446777344,
        80.4870376586914,
        81.92465209960938,
        81.14945983886719,
        80.15692138671875,
        77.6497573852539,
        75.93785095214844,
        77.429931640625,
        75.82971954345703,
        74.90001678466797,
        67.35792541503906,
        68.83085632324219,
        76.2926254272461,
        74.63558959960938,
        76.3142318725586,
        74.97041320800781,
        73.75665283203125,
        71.2313003540039,
        67.0699234008789,
        64.89961242675781,
        62.318885803222656,
        62.93085861206055,
        63.505638122558594,
        74.4609146118164,
        72.52983093261719,
        75.14901733398438,
        73.01559448242188,
        74.50566864013672,
        73.33052062988281,
        74.85470581054688,
        73.99010467529297,
        72.41719055175781,
        67.30986785888672,
        63.657920837402344,
        58.1250114440918,
        77.57452392578125,
        76.03144836425781,
        77.22525787353516,
        75.53060913085938,
        75.18489074707031,
        68.42952728271484,
        68.8794937133789,
        77.05768585205078,
        75.31769561767578,
        76.73592376708984,
        75.00535583496094,
        73.92733001708984,
        67.67290496826172,
        66.6834945678711,
        62.76167678833008,
        58.21150588989258,
        54.63093566894531,
        52.831214904785156,
        78.68390655517578,
        77.03194427490234,
        78.82853698730469,
        77.42549133300781,
        75.69384765625,
        66.64029693603516,
        78.87174987792969,
        77.37242126464844,
        78.9480972290039,
        78.25787353515625,
        76.92997741699219,
        74.87000274658203,
        73.9452896118164,
        75.19680786132812,
        74.29627990722656,
        73.0645751953125,
        70.0292739868164,
        66.85406494140625,
        65.09888458251953,
        62.43586730957031,
        63.11646270751953,
        63.998435974121094,
        78.8817138671875,
        77.30136108398438,
        78.67259979248047,
        76.9500503540039,
        76.34900665283203,
        81.1125259399414,
        79.58649444580078,
        81.23258209228516,
        79.3556900024414,
        78.03894805908203,
        71.9723892211914,
        64.50646209716797,
        63.60852813720703,
        75.04588317871094,
        73.90690612792969,
        74.94326782226562,
        73.28592681884766,
        73.51669311523438,
        69.55003356933594,
        64.50611114501953,
        64.64962005615234,
        75.55558776855469,
        73.842529296875,
        75.94905853271484,
        73.69513702392578,
        72.32472229003906,
        68.551025390625,
        71.58057403564453,
        76.7685317993164,
        75.20967864990234,
        76.79185485839844,
        73.97489929199219,
        73.94086456298828,
        68.30500030517578,
        62.833560943603516,
        62.81211471557617,
        74.86087799072266,
        73.64195251464844,
        74.9714126586914,
        70.61444091796875,
        72.19622802734375,
        68.94622039794922,
        60.131813049316406,
        66.93950653076172,
        59.318077087402344,
        63.98628234863281,
        58.93672180175781,
        57.63642120361328,
        54.43461990356445,
        54.58476638793945,
        73.87225341796875,
        71.68605041503906,
        73.47543334960938,
        72.96272277832031,
        71.58179473876953,
        66.39127349853516,
        64.40853881835938,
        58.464168548583984,
        53.97031784057617,
        73.06425476074219,
        70.8484878540039,
        72.16031646728516,
        71.26253509521484,
        70.74867248535156,
        67.30596923828125,
        65.30677795410156,
        60.354827880859375,
        59.690006256103516,
        76.00851440429688,
        73.99881744384766,
        75.52489471435547,
        74.47872161865234,
        73.71333312988281,
        68.24921417236328,
        65.19701385498047,
        59.22659683227539,
        57.37954330444336,
        73.62096405029297,
        71.85735321044922,
        73.84258270263672,
        71.7845687866211,
        70.6335220336914,
        66.01060485839844,
        59.703792572021484,
        59.85335159301758,
        68.33364868164062,
        65.93460083007812,
        67.6400375366211,
        65.95970153808594,
        66.01457214355469,
        63.38546371459961,
        59.4279899597168,
        59.207088470458984,
        62.553001403808594,
        60.24578857421875,
        62.062042236328125,
        58.84842300415039,
        59.12598419189453,
        54.98986053466797,
        53.175628662109375,
        48.93201446533203,
        45.822872161865234
    ],
    "pde": [
        [
            0.2514374554157257,
            0.6664702296257019,
            1.1469045877456665,
            1.4600955247879028,
            1.8143311738967896,
            1.7692418098449707,
            1.9482624530792236,
            1.965484619140625,
            2.1667637825012207,
            2.468888759613037,
            2.6261699199676514,
            2.702434778213501,
            2.8930323123931885,
            3.385120391845703,
            3.792053699493408,
            3.9289231300354004,
            3.678398370742798,
            3.8843019008636475,
            4.147490978240967,
            4.436768531799316,
            4.277585506439209,
            4.89402437210083,
            5.26924467086792,
            5.663863658905029,
            5.1419501304626465,
            5.990767955780029,
            6.336676597595215,
            6.154407501220703,
            6.881679534912109,
            8.187095642089844
        ],
        [
            0.6664702296257019,
            0.2506949305534363,
            0.5742812156677246,
            0.8750039339065552,
            1.6717642545700073,
            1.98618483543396,
            2.1601319313049316,
            1.5718886852264404,
            1.8305058479309082,
            2.9486987590789795,
            2.9372591972351074,
            2.297553539276123,
            2.6660923957824707,
            2.6847801208496094,
            3.3585691452026367,
            3.072042465209961,
            2.97860050201416,
            3.9661688804626465,
            3.4519829750061035,
            3.4245972633361816,
            4.135590553283691,
            4.212372779846191,
            4.865767955780029,
            5.084996700286865,
            5.202517986297607,
            6.155707359313965,
            6.514494895935059,
            6.138127326965332,
            7.470012664794922,
            8.519593238830566
        ],
        [
            1.1469045877456665,
            0.5742812156677246,
            0.2506105899810791,
            0.4944963753223419,
            1.137269377708435,
            1.4285675287246704,
            1.263733148574829,
            1.2086706161499023,
            1.3502156734466553,
            1.52078378200531,
            1.632232427597046,
            1.6948268413543701,
            1.9234533309936523,
            2.525034189224243,
            2.806894540786743,
            2.8201613426208496,
            2.581295967102051,
            2.7812328338623047,
            3.0581536293029785,
            2.8994107246398926,
            3.201869010925293,
            3.7031733989715576,
            3.9998183250427246,
            4.459543228149414,
            4.112912654876709,
            4.827796936035156,
            4.9885382652282715,
            4.834328651428223,
            6.061140537261963,
            6.60369873046875
        ],
        [
            1.4600955247879028,
            0.8750039339065552,
            0.4944963753223419,
            0.25056061148643494,
            0.4777272939682007,
            0.6141390800476074,
            1.1404321193695068,
            1.1695876121520996,
            1.0336434841156006,
            1.2068006992340088,
            1.4608361721038818,
            1.6389753818511963,
            1.9565073251724243,
            2.749009609222412,
            2.96875262260437,
            2.908045768737793,
            2.633765935897827,
            2.6854381561279297,
            3.043482780456543,
            3.0406720638275146,
            2.9842567443847656,
            3.277423858642578,
            3.6657443046569824,
            3.8891124725341797,
            3.7366418838500977,
            4.312154769897461,
            4.417911529541016,
            4.307224273681641,
            5.378293037414551,
            6.084145545959473
        ],
        [
            1.8143311738967896,
            1.6717642545700073,
            1.137269377708435,
            0.4777272939682007,
            0.2511293888092041,
            0.4544791579246521,
            0.6455269455909729,
            1.0112550258636475,
            1.142702341079712,
            0.9934705495834351,
            1.1866366863250732,
            1.4697164297103882,
            1.7246034145355225,
            2.2866928577423096,
            2.270263195037842,
            2.4892044067382812,
            2.276576280593872,
            2.283524513244629,
            2.6346895694732666,
            2.6674578189849854,
            2.770793914794922,
            3.2854292392730713,
            3.7133774757385254,
            4.007084846496582,
            3.6864938735961914,
            4.236425876617432,
            4.439130783081055,
            4.515771865844727,
            5.645225524902344,
            6.016138553619385
        ],
        [
            1.7692418098449707,
            1.98618483543396,
            1.4285675287246704,
            0.6141390800476074,
            0.4544791579246521,
            0.25068292021751404,
            0.43815088272094727,
            0.5671073198318481,
            0.9773615598678589,
            1.1798068284988403,
            1.1145269870758057,
            1.1580405235290527,
            1.5078926086425781,
            1.8148773908615112,
            2.010143756866455,
            2.140883445739746,
            1.832443118095398,
            2.13777494430542,
            2.2963757514953613,
            2.4332265853881836,
            2.8749935626983643,
            3.2611284255981445,
            3.7266159057617188,
            4.098996162414551,
            4.108737945556641,
            4.792705059051514,
            5.1234450340271,
            5.173676013946533,
            6.370140075683594,
            7.325864791870117
        ],
        [
            1.9482624530792236,
            2.1601319313049316,
            1.263733148574829,
            1.1404321193695068,
            0.6455269455909729,
            0.43815088272094727,
            0.25341781973838806,
            0.41626712679862976,
            0.5260055661201477,
            0.8151006102561951,
            1.1337745189666748,
            1.1451401710510254,
            1.4634826183319092,
            1.6363043785095215,
            2.2756834030151367,
            1.8011746406555176,
            1.7490637302398682,
            2.304375410079956,
            2.2082338333129883,
            2.2160091400146484,
            2.737330436706543,
            2.974057674407959,
            3.5312511920928955,
            3.703563928604126,
            4.025567054748535,
            4.8983964920043945,
            4.7938923835754395,
            4.693021774291992,
            6.515545845031738,
            6.76563024520874
        ],
        [
            1.965484619140625,
            1.5718886852264404,
            1.2086706161499023,
            1.1695876121520996,
            1.0112550258636475,
            0.5671073198318481,
            0.41626712679862976,
            0.2506467401981354,
            0.39965569972991943,
            0.536510705947876,
            0.7992556095123291,
            1.2910971641540527,
            1.4760991334915161,
            1.966049075126648,
            1.8552916049957275,
            1.9024064540863037,
            1.930814504623413,
            1.9527177810668945,
            1.9856655597686768,
            2.221466064453125,
            2.654172420501709,
            2.7673637866973877,
            3.2890625,
            3.6255083084106445,
            3.8476572036743164,
            4.378791809082031,
            4.537137508392334,
            4.6760149002075195,
            5.9453277587890625,
            6.238323211669922
        ],
        [
            2.1667637825012207,
            1.8305058479309082,
            1.3502156734466553,
            1.0336434841156006,
            1.142702341079712,
            0.9773615598678589,
            0.5260055661201477,
            0.39965569972991943,
            0.2509095072746277,
            0.4278334975242615,
            0.6091456413269043,
            0.9650217294692993,
            1.2085068225860596,
            1.5581395626068115,
            1.6629865169525146,
            1.8337339162826538,
            1.6647427082061768,
            1.81084406375885,
            1.9715254306793213,
            2.241318702697754,
            2.7024827003479004,
            3.052187919616699,
            3.669844150543213,
            3.9796762466430664,
            4.247065544128418,
            4.664190769195557,
            5.124222755432129,
            5.501823425292969,
            6.336777687072754,
            7.02053689956665
        ],
        [
            2.468888759613037,
            2.9486987590789795,
            1.52078378200531,
            1.2068006992340088,
            0.9934705495834351,
            1.1798068284988403,
            0.8151006102561951,
            0.536510705947876,
            0.4278334975242615,
            0.25084802508354187,
            0.472159206867218,
            0.6366039514541626,
            1.0470759868621826,
            1.4479703903198242,
            1.601623773574829,
            1.674066185951233,
            1.5308315753936768,
            1.929325819015503,
            1.8312973976135254,
            2.0601396560668945,
            2.9565329551696777,
            3.2644693851470947,
            3.8803629875183105,
            4.425431251525879,
            5.139427185058594,
            5.336584091186523,
            6.053103446960449,
            6.327541351318359,
            7.700152397155762,
            8.291728019714355
        ],
        [
            2.6261699199676514,
            2.9372591972351074,
            1.632232427597046,
            1.4608361721038818,
            1.1866366863250732,
            1.1145269870758057,
            1.1337745189666748,
            0.7992556095123291,
            0.6091456413269043,
            0.472159206867218,
            0.2514045834541321,
            0.38494810461997986,
            1.0008130073547363,
            1.1356580257415771,
            1.6196032762527466,
            1.550679326057434,
            1.4639358520507812,
            2.1524784564971924,
            1.8493525981903076,
            1.9447600841522217,
            3.0647294521331787,
            3.1948187351226807,
            3.94099760055542,
            4.216765403747559,
            5.398860454559326,
            5.735555648803711,
            5.799327373504639,
            6.0249738693237305,
            7.740887641906738,
            7.782654762268066
        ],
        [
            2.702434778213501,
            2.297553539276123,
            1.6948268413543701,
            1.6389753818511963,
            1.4697164297103882,
            1.1580405235290527,
            1.1451401710510254,
            1.2910971641540527,
            0.9650217294692993,
            0.6366039514541626,
            0.38494810461997986,
            0.25076228380203247,
            0.38453537225723267,
            0.7533479928970337,
            1.3418086767196655,
            1.6201069355010986,
            1.3282248973846436,
            1.5839585065841675,
            1.5847420692443848,
            1.9178657531738281,
            2.447674512863159,
            2.5963408946990967,
            3.1549930572509766,
            3.5404539108276367,
            4.280087947845459,
            4.2306623458862305,
            4.725956916809082,
            5.159674644470215,
            6.108729839324951,
            5.747749328613281
        ],
        [
            2.8930323123931885,
            2.6660923957824707,
            1.9234533309936523,
            1.9565073251724243,
            1.7246034145355225,
            1.5078926086425781,
            1.4634826183319092,
            1.4760991334915161,
            1.2085068225860596,
            1.0470759868621826,
            1.0008130073547363,
            0.38453537225723267,
            0.25101470947265625,
            0.4988967180252075,
            0.7651742696762085,
            1.1236696243286133,
            1.545591115951538,
            1.4704136848449707,
            1.292274832725525,
            1.7311768531799316,
            2.4660210609436035,
            2.3838560581207275,
            2.648463249206543,
            3.106825351715088,
            4.132044315338135,
            3.7864975929260254,
            3.9017162322998047,
            4.499690055847168,
            6.010257720947266,
            4.966694355010986
        ],
        [
            3.385120391845703,
            2.6847801208496094,
            2.525034189224243,
            2.749009609222412,
            2.2866928577423096,
            1.8148773908615112,
            1.6363043785095215,
            1.966049075126648,
            1.5581395626068115,
            1.4479703903198242,
            1.1356580257415771,
            0.7533479928970337,
            0.4988967180252075,
            0.2505263090133667,
            0.42307066917419434,
            0.8765168190002441,
            0.9816995859146118,
            1.0323467254638672,
            1.0894792079925537,
            1.3797919750213623,
            1.7457728385925293,
            1.8884576559066772,
            2.23207950592041,
            2.7217540740966797,
            2.871568441390991,
            3.26725435256958,
            3.2280635833740234,
            3.4383363723754883,
            4.3036298751831055,
            4.252743721008301
        ],
        [
            3.792053699493408,
            3.3585691452026367,
            2.806894540786743,
            2.96875262260437,
            2.270263195037842,
            2.010143756866455,
            2.2756834030151367,
            1.8552916049957275,
            1.6629865169525146,
            1.601623773574829,
            1.6196032762527466,
            1.3418086767196655,
            0.7651742696762085,
            0.42307066917419434,
            0.25050678849220276,
            0.4144679307937622,
            0.505742073059082,
            0.8285952806472778,
            1.127580165863037,
            1.0225017070770264,
            1.458032488822937,
            1.8015531301498413,
            2.30973482131958,
            2.6016387939453125,
            2.8737194538116455,
            3.729313373565674,
            3.5117249488830566,
            3.3171207904815674,
            4.426130294799805,
            4.517239570617676
        ],
        [
            3.9289231300354004,
            3.072042465209961,
            2.8201613426208496,
            2.908045768737793,
            2.4892044067382812,
            2.140883445739746,
            1.8011746406555176,
            1.9024064540863037,
            1.8337339162826538,
            1.674066185951233,
            1.550679326057434,
            1.6201069355010986,
            1.1236696243286133,
            0.8765168190002441,
            0.4144679307937622,
            0.25082969665527344,
            0.3961639404296875,
            0.5414927005767822,
            0.9567417502403259,
            1.3280258178710938,
            1.2002248764038086,
            1.5981132984161377,
            1.9178369045257568,
            2.2653040885925293,
            2.3952436447143555,
            2.922384262084961,
            2.7727901935577393,
            2.8966712951660156,
            3.584747314453125,
            3.68061900138855
        ],
        [
            3.678398370742798,
            2.97860050201416,
            2.581295967102051,
            2.633765935897827,
            2.276576280593872,
            1.832443118095398,
            1.7490637302398682,
            1.930814504623413,
            1.6647427082061768,
            1.5308315753936768,
            1.4639358520507812,
            1.3282248973846436,
            1.545591115951538,
            0.9816995859146118,
            0.505742073059082,
            0.3961639404296875,
            0.25103819370269775,
            0.3834894895553589,
            0.5287185907363892,
            1.1118545532226562,
            1.4286283254623413,
            1.4875521659851074,
            1.7211674451828003,
            2.0549697875976562,
            2.524625778198242,
            2.759432077407837,
            2.6219539642333984,
            2.8414430618286133,
            3.8064584732055664,
            3.6676573753356934
        ],
        [
            3.8843019008636475,
            3.9661688804626465,
            2.7812328338623047,
            2.6854381561279297,
            2.283524513244629,
            2.13777494430542,
            2.304375410079956,
            1.9527177810668945,
            1.81084406375885,
            1.929325819015503,
            2.1524784564971924,
            1.5839585065841675,
            1.4704136848449707,
            1.0323467254638672,
            0.8285952806472778,
            0.5414927005767822,
            0.3834894895553589,
            0.25156399607658386,
            0.42439284920692444,
            0.5975543260574341,
            1.3042140007019043,
            1.365422010421753,
            1.8218306303024292,
            2.111543893814087,
            2.4722280502319336,
            3.407149314880371,
            2.9933688640594482,
            3.0905590057373047,
            4.332034111022949,
            4.1921844482421875
        ],
        [
            4.147490978240967,
            3.4519829750061035,
            3.0581536293029785,
            3.043482780456543,
            2.6346895694732666,
            2.2963757514953613,
            2.2082338333129883,
            1.9856655597686768,
            1.9715254306793213,
            1.8312973976135254,
            1.8493525981903076,
            1.5847420692443848,
            1.292274832725525,
            1.0894792079925537,
            1.127580165863037,
            0.9567417502403259,
            0.5287185907363892,
            0.42439284920692444,
            0.2508598268032074,
            0.4566473066806793,
            0.7022464275360107,
            1.3420186042785645,
            1.7219910621643066,
            1.8740756511688232,
            2.134270191192627,
            3.0917129516601562,
            2.6562652587890625,
            2.578038215637207,
            3.4424784183502197,
            3.278327703475952
        ],
        [
            4.436768531799316,
            3.4245972633361816,
            2.8994107246398926,
            3.0406720638275146,
            2.6674578189849854,
            2.4332265853881836,
            2.2160091400146484,
            2.221466064453125,
            2.241318702697754,
            2.0601396560668945,
            1.9447600841522217,
            1.9178657531738281,
            1.7311768531799316,
            1.3797919750213623,
            1.0225017070770264,
            1.3280258178710938,
            1.1118545532226562,
            0.5975543260574341,
            0.4566473066806793,
            0.2508251667022705,
            0.5049420595169067,
            0.8618393540382385,
            1.2389874458312988,
            1.571000576019287,
            1.7255301475524902,
            1.921330451965332,
            1.9286870956420898,
            2.1071791648864746,
            2.695551872253418,
            2.742508888244629
        ],
        [
            4.277585506439209,
            4.135590553283691,
            3.201869010925293,
            2.9842567443847656,
            2.770793914794922,
            2.8749935626983643,
            2.737330436706543,
            2.654172420501709,
            2.7024827003479004,
            2.9565329551696777,
            3.0647294521331787,
            2.447674512863159,
            2.4660210609436035,
            1.7457728385925293,
            1.458032488822937,
            1.2002248764038086,
            1.4286283254623413,
            1.3042140007019043,
            0.7022464275360107,
            0.5049420595169067,
            0.2515105605125427,
            0.49265947937965393,
            0.7871246933937073,
            1.235390067100525,
            2.3306591510772705,
            2.060553550720215,
            1.6673378944396973,
            2.136831283569336,
            2.6570136547088623,
            2.486687660217285
        ],
        [
            4.89402437210083,
            4.212372779846191,
            3.7031733989715576,
            3.277423858642578,
            3.2854292392730713,
            3.2611284255981445,
            2.974057674407959,
            2.7673637866973877,
            3.052187919616699,
            3.2644693851470947,
            3.1948187351226807,
            2.5963408946990967,
            2.3838560581207275,
            1.8884576559066772,
            1.8015531301498413,
            1.5981132984161377,
            1.4875521659851074,
            1.365422010421753,
            1.3420186042785645,
            0.8618393540382385,
            0.49265947937965393,
            0.25068557262420654,
            0.5103164911270142,
            1.1959381103515625,
            1.4959349632263184,
            1.297013282775879,
            1.3788070678710938,
            1.7009093761444092,
            1.9201910495758057,
            2.0915825366973877
        ],
        [
            5.26924467086792,
            4.865767955780029,
            3.9998183250427246,
            3.6657443046569824,
            3.7133774757385254,
            3.7266159057617188,
            3.5312511920928955,
            3.2890625,
            3.669844150543213,
            3.8803629875183105,
            3.94099760055542,
            3.1549930572509766,
            2.648463249206543,
            2.23207950592041,
            2.30973482131958,
            1.9178369045257568,
            1.7211674451828003,
            1.8218306303024292,
            1.7219910621643066,
            1.2389874458312988,
            0.7871246933937073,
            0.5103164911270142,
            0.25089582800865173,
            0.5179550647735596,
            0.6777738332748413,
            1.3261291980743408,
            1.6590404510498047,
            1.2647709846496582,
            1.5064082145690918,
            1.9851672649383545
        ],
        [
            5.663863658905029,
            5.084996700286865,
            4.459543228149414,
            3.8891124725341797,
            4.007084846496582,
            4.098996162414551,
            3.703563928604126,
            3.6255083084106445,
            3.9796762466430664,
            4.425431251525879,
            4.216765403747559,
            3.5404539108276367,
            3.106825351715088,
            2.7217540740966797,
            2.6016387939453125,
            2.2653040885925293,
            2.0549697875976562,
            2.111543893814087,
            1.8740756511688232,
            1.571000576019287,
            1.235390067100525,
            1.1959381103515625,
            0.5179550647735596,
            0.2513652443885803,
            0.4801717698574066,
            0.6669071912765503,
            1.388986587524414,
            1.6512556076049805,
            1.2223634719848633,
            1.6539146900177002
        ],
        [
            5.1419501304626465,
            5.202517986297607,
            4.112912654876709,
            3.7366418838500977,
            3.6864938735961914,
            4.108737945556641,
            4.025567054748535,
            3.8476572036743164,
            4.247065544128418,
            5.139427185058594,
            5.398860454559326,
            4.280087947845459,
            4.132044315338135,
            2.871568441390991,
            2.8737194538116455,
            2.3952436447143555,
            2.524625778198242,
            2.4722280502319336,
            2.134270191192627,
            1.7255301475524902,
            2.3306591510772705,
            1.4959349632263184,
            0.6777738332748413,
            0.4801717698574066,
            0.250555157661438,
            0.49501293897628784,
            0.6507974863052368,
            1.6095476150512695,
            1.6298046112060547,
            1.4864706993103027
        ],
        [
            5.990767955780029,
            6.155707359313965,
            4.827796936035156,
            4.312154769897461,
            4.236425876617432,
            4.792705059051514,
            4.8983964920043945,
            4.378791809082031,
            4.664190769195557,
            5.336584091186523,
            5.735555648803711,
            4.2306623458862305,
            3.7864975929260254,
            3.26725435256958,
            3.729313373565674,
            2.922384262084961,
            2.759432077407837,
            3.407149314880371,
            3.0917129516601562,
            1.921330451965332,
            2.060553550720215,
            1.297013282775879,
            1.3261291980743408,
            0.6669071912765503,
            0.49501293897628784,
            0.25067445635795593,
            0.4732027053833008,
            0.6507241129875183,
            1.196739912033081,
            1.961125135421753
        ],
        [
            6.336676597595215,
            6.514494895935059,
            4.9885382652282715,
            4.417911529541016,
            4.439130783081055,
            5.1234450340271,
            4.7938923835754395,
            4.537137508392334,
            5.124222755432129,
            6.053103446960449,
            5.799327373504639,
            4.725956916809082,
            3.9017162322998047,
            3.2280635833740234,
            3.5117249488830566,
            2.7727901935577393,
            2.6219539642333984,
            2.9933688640594482,
            2.6562652587890625,
            1.9286870956420898,
            1.6673378944396973,
            1.3788070678710938,
            1.6590404510498047,
            1.388986587524414,
            0.6507974863052368,
            0.4732027053833008,
            0.2507933974266052,
            0.47789955139160156,
            0.6968993544578552,
            1.7126471996307373
        ],
        [
            6.154407501220703,
            6.138127326965332,
            4.834328651428223,
            4.307224273681641,
            4.515771865844727,
            5.173676013946533,
            4.693021774291992,
            4.6760149002075195,
            5.501823425292969,
            6.327541351318359,
            6.0249738693237305,
            5.159674644470215,
            4.499690055847168,
            3.4383363723754883,
            3.3171207904815674,
            2.8966712951660156,
            2.8414430618286133,
            3.0905590057373047,
            2.578038215637207,
            2.1071791648864746,
            2.136831283569336,
            1.7009093761444092,
            1.2647709846496582,
            1.6512556076049805,
            1.6095476150512695,
            0.6507241129875183,
            0.47789955139160156,
            0.2506064772605896,
            0.49376171827316284,
            0.8826625347137451
        ],
        [
            6.881679534912109,
            7.470012664794922,
            6.061140537261963,
            5.378293037414551,
            5.645225524902344,
            6.370140075683594,
            6.515545845031738,
            5.9453277587890625,
            6.336777687072754,
            7.700152397155762,
            7.740887641906738,
            6.108729839324951,
            6.010257720947266,
            4.3036298751831055,
            4.426130294799805,
            3.584747314453125,
            3.8064584732055664,
            4.332034111022949,
            3.4424784183502197,
            2.695551872253418,
            2.6570136547088623,
            1.9201910495758057,
            1.5064082145690918,
            1.2223634719848633,
            1.6298046112060547,
            1.196739912033081,
            0.6968993544578552,
            0.49376171827316284,
            0.25089988112449646,
            0.591625988483429
        ],
        [
            8.187095642089844,
            8.519593238830566,
            6.60369873046875,
            6.084145545959473,
            6.016138553619385,
            7.325864791870117,
            6.76563024520874,
            6.238323211669922,
            7.02053689956665,
            8.291728019714355,
            7.782654762268066,
            5.747749328613281,
            4.966694355010986,
            4.252743721008301,
            4.517239570617676,
            3.68061900138855,
            3.6676573753356934,
            4.1921844482421875,
            3.278327703475952,
            2.742508888244629,
            2.486687660217285,
            2.0915825366973877,
            1.9851672649383545,
            1.6539146900177002,
            1.4864706993103027,
            1.961125135421753,
            1.7126471996307373,
            0.8826625347137451,
            0.591625988483429,
            0.25143203139305115
        ]
    ]
}