{
    "plddt": [
        61.27059555053711,
        59.33586502075195,
        61.63817596435547,
        58.404083251953125,
        59.15894317626953,
        54.37757873535156,
        49.75950622558594,
        46.036865234375,
        69.63237762451172,
        67.66007232666016,
        69.29633331298828,
        66.5088882446289,
        67.30901336669922,
        63.64875030517578,
        59.39103317260742,
        60.2478141784668,
        76.85799407958984,
        75.2918472290039,
        77.18721771240234,
        74.60074615478516,
        73.52101135253906,
        64.59583282470703,
        76.26618194580078,
        74.02259063720703,
        76.16371154785156,
        74.8479232788086,
        72.57624053955078,
        68.67599487304688,
        62.900630950927734,
        63.79364013671875,
        80.8140869140625,
        79.2561264038086,
        80.64303588867188,
        78.69416809082031,
        78.56145477294922,
        69.25003814697266,
        64.81529235839844,
        59.16118621826172,
        56.99717330932617,
        80.34015655517578,
        78.48650360107422,
        80.07463836669922,
        78.52169799804688,
        77.23458099365234,
        73.18069458007812,
        66.79539489746094,
        67.39200592041016,
        79.21593475341797,
        78.52967071533203,
        79.33645629882812,
        78.51432800292969,
        78.451416015625,
        77.85371398925781,
        73.25926208496094,
        72.50357055664062,
        70.86107635498047,
        71.4854965209961,
        73.70097351074219,
        80.08842468261719,
        78.6259536743164,
        79.91571044921875,
        79.14541625976562,
        78.01719665527344,
        71.78923797607422,
        69.26911926269531,
        63.49711608886719,
        58.63943099975586,
        81.68463897705078,
        80.36273956298828,
        81.77416229248047,
        80.90412902832031,
        80.06633758544922,
        77.46160888671875,
        75.70649719238281,
        77.15662384033203,
        75.51890563964844,
        74.78736877441406,
        67.40583038330078,
        69.00899505615234,
        76.58390045166016,
        74.92516326904297,
        76.63133239746094,
        75.26643371582031,
        74.00922393798828,
        71.42108154296875,
        67.14034271240234,
        64.99752807617188,
        62.38360595703125,
        62.988365173339844,
        63.56525421142578,
        74.25495147705078,
        72.28387451171875,
        74.90836334228516,
        72.76885223388672,
        74.62862396240234,
        73.44176483154297,
        74.96844482421875,
        74.11381530761719,
        72.54449462890625,
        67.40633392333984,
        63.722206115722656,
        58.19477462768555,
        77.2436752319336,
        75.67108917236328,
        76.87566375732422,
        75.03800201416016,
        74.76677703857422,
        67.93228149414062,
        68.42386627197266,
        77.16108703613281,
        75.3956527709961,
        76.8074722290039,
        75.05874633789062,
        74.02288055419922,
        67.71808624267578,
        66.70559692382812,
        62.798370361328125,
        58.258514404296875,
        54.587711334228516,
        52.7618293762207,
        78.77275085449219,
        77.12223052978516,
        78.91480255126953,
        77.43270111083984,
        75.75994873046875,
        66.57197570800781,
        78.76821899414062,
        77.24822998046875,
        78.88060760498047,
        78.24748992919922,
        76.78810119628906,
        74.84230041503906,
        73.9212417602539,
        75.21998596191406,
        74.34042358398438,
        73.0097427368164,
        69.88796997070312,
        66.64965057373047,
        64.88098907470703,
        62.206119537353516,
        62.89142990112305,
        63.76997375488281,
        78.55833435058594,
        76.96725463867188,
        78.51666259765625,
        76.8382797241211,
        75.75325012207031,
        81.30005645751953,
        79.75138092041016,
        81.31938934326172,
        79.4346923828125,
        78.36872100830078,
        72.67879486083984,
        65.13735961914062,
        64.41287231445312,
        74.75843811035156,
        73.59358978271484,
        74.64313507080078,
        73.04720306396484,
        73.27975463867188,
        69.35704040527344,
        64.27886962890625,
        64.49821472167969,
        75.26718139648438,
        73.55470275878906,
        75.64515686035156,
        73.38587951660156,
        72.08959197998047,
        68.36912536621094,
        71.58749389648438,
        76.91582489013672,
        75.39246368408203,
        76.99212646484375,
        74.21942138671875,
        74.10057830810547,
        68.34024047851562,
        62.85765075683594,
        62.862213134765625,
        74.30826568603516,
        73.07682800292969,
        74.42852020263672,
        70.11640930175781,
        71.65583038330078,
        68.48396301269531,
        59.75993347167969,
        66.57689666748047,
        59.035919189453125,
        63.68678665161133,
        58.628196716308594,
        57.38811492919922,
        54.31993103027344,
        54.43446731567383,
        73.41104888916016,
        71.24284362792969,
        73.1006088256836,
        72.66016387939453,
        71.06803131103516,
        65.78678131103516,
        63.82490539550781,
        57.886348724365234,
        53.425514221191406,
        73.05650329589844,
        70.83209991455078,
        72.14983367919922,
        71.26526641845703,
        70.73324584960938,
        67.28514099121094,
        65.29300689697266,
        60.340492248535156,
        59.65913391113281,
        75.9504623413086,
        73.94231414794922,
        75.4577407836914,
        74.38407897949219,
        73.62024688720703,
        68.17652130126953,
        65.14752197265625,
        59.21360397338867,
        57.37083053588867,
        73.55613708496094,
        71.79076385498047,
        73.79497528076172,
        71.69979858398438,
        70.5346450805664,
        65.80705261230469,
        59.46232223510742,
        59.667659759521484,
        68.27729034423828,
        65.89567565917969,
        67.59941101074219,
        65.91943359375,
        65.95818328857422,
        63.28347396850586,
        59.3421630859375,
        59.106910705566406,
        62.35456466674805,
        60.04792404174805,
        61.873661041259766,
        58.640594482421875,
        58.90297317504883,
        54.7208251953125,
        52.875328063964844,
        48.65687942504883,
        45.54955291748047
    ],
    "pde": [
        [
            0.2515147924423218,
            0.6566170454025269,
            1.1327844858169556,
            1.4439139366149902,
            1.759779930114746,
            1.737486481666565,
            1.9197362661361694,
            1.927459955215454,
            2.1206562519073486,
            2.45076060295105,
            2.6014649868011475,
            2.686758041381836,
            2.7927660942077637,
            3.369223117828369,
            3.821117639541626,
            3.8662242889404297,
            3.655177116394043,
            3.931212902069092,
            4.339026927947998,
            4.313799858093262,
            4.5424957275390625,
            4.9135661125183105,
            5.637502193450928,
            5.697061538696289,
            5.264786720275879,
            6.06827449798584,
            6.671917915344238,
            6.102939128875732,
            6.986085414886475,
            8.241405487060547
        ],
        [
            0.6566170454025269,
            0.250693142414093,
            0.5611965656280518,
            0.8587847948074341,
            1.6444571018218994,
            1.9321506023406982,
            2.113603353500366,
            1.5502901077270508,
            1.8274319171905518,
            2.932102918624878,
            2.8944201469421387,
            2.2773523330688477,
            2.671802520751953,
            2.5884222984313965,
            3.321486473083496,
            3.0767245292663574,
            3.0519180297851562,
            4.157670497894287,
            3.6574792861938477,
            3.5566775798797607,
            4.36411190032959,
            4.387109756469727,
            5.082243919372559,
            5.136683464050293,
            5.225960731506348,
            6.276264667510986,
            6.812243938446045,
            6.048896789550781,
            7.542450428009033,
            8.467683792114258
        ],
        [
            1.1327844858169556,
            0.5611965656280518,
            0.2506100833415985,
            0.4792015850543976,
            1.0896484851837158,
            1.3756532669067383,
            1.216172218322754,
            1.1675834655761719,
            1.3105568885803223,
            1.4716477394104004,
            1.5798485279083252,
            1.6492972373962402,
            1.8532078266143799,
            2.434751272201538,
            2.6426169872283936,
            2.7994351387023926,
            2.5727720260620117,
            2.694486379623413,
            3.033318042755127,
            3.0677380561828613,
            3.2042860984802246,
            3.6387147903442383,
            3.938965320587158,
            4.362648010253906,
            4.081350326538086,
            4.788938522338867,
            5.023557662963867,
            4.696614742279053,
            6.102359294891357,
            6.573643684387207
        ],
        [
            1.4439139366149902,
            0.8587847948074341,
            0.4792015850543976,
            0.2505530118942261,
            0.46549469232559204,
            0.602461576461792,
            1.1010551452636719,
            1.1257281303405762,
            1.0191141366958618,
            1.1757071018218994,
            1.4380824565887451,
            1.613368272781372,
            1.9550752639770508,
            2.731886863708496,
            2.8663103580474854,
            3.0129783153533936,
            2.644834041595459,
            2.662179708480835,
            3.079047918319702,
            3.1609182357788086,
            3.015076160430908,
            3.2945761680603027,
            3.6660919189453125,
            3.8753747940063477,
            3.7218692302703857,
            4.326859951019287,
            4.460847854614258,
            4.239046096801758,
            5.455757141113281,
            6.158897876739502
        ],
        [
            1.759779930114746,
            1.6444571018218994,
            1.0896484851837158,
            0.46549469232559204,
            0.25114163756370544,
            0.4445361793041229,
            0.6351872682571411,
            1.000637412071228,
            1.140993595123291,
            0.9754093885421753,
            1.1604526042938232,
            1.443856954574585,
            1.6821235418319702,
            2.1861603260040283,
            2.2037253379821777,
            2.431427240371704,
            2.2302374839782715,
            2.220057487487793,
            2.5610854625701904,
            2.6737782955169678,
            2.8308112621307373,
            3.264193534851074,
            3.700197219848633,
            4.006473541259766,
            3.68876314163208,
            4.329856872558594,
            4.570686340332031,
            4.519847869873047,
            5.699611663818359,
            6.072265148162842
        ],
        [
            1.737486481666565,
            1.9321506023406982,
            1.3756532669067383,
            0.602461576461792,
            0.4445361793041229,
            0.2506738007068634,
            0.42750370502471924,
            0.5549073219299316,
            0.9555065631866455,
            1.1497149467468262,
            1.0865793228149414,
            1.1385242938995361,
            1.4783653020858765,
            1.7454259395599365,
            1.970314860343933,
            2.102555751800537,
            1.8122762441635132,
            2.0819923877716064,
            2.295525312423706,
            2.4175047874450684,
            2.8563742637634277,
            3.224613666534424,
            3.6845555305480957,
            4.072343826293945,
            4.100712776184082,
            4.771350860595703,
            5.287450790405273,
            5.184593200683594,
            6.355247974395752,
            7.450257778167725
        ],
        [
            1.9197362661361694,
            2.113603353500366,
            1.216172218322754,
            1.1010551452636719,
            0.6351872682571411,
            0.42750370502471924,
            0.2534162700176239,
            0.4091363549232483,
            0.5173479318618774,
            0.8037554621696472,
            1.101973295211792,
            1.1869393587112427,
            1.4209004640579224,
            1.5383727550506592,
            2.1872527599334717,
            1.729601502418518,
            1.6707130670547485,
            2.173614025115967,
            2.1324386596679688,
            2.166259765625,
            2.7052271366119385,
            2.9445643424987793,
            3.507145404815674,
            3.6951613426208496,
            4.00572395324707,
            4.835158348083496,
            4.968379020690918,
            4.697864532470703,
            6.479623794555664,
            6.8019304275512695
        ],
        [
            1.927459955215454,
            1.5502901077270508,
            1.1675834655761719,
            1.1257281303405762,
            1.000637412071228,
            0.5549073219299316,
            0.4091363549232483,
            0.2506430745124817,
            0.3972463011741638,
            0.535789966583252,
            0.7903746366500854,
            1.2911851406097412,
            1.449730396270752,
            1.9004179239273071,
            1.6978633403778076,
            1.826019287109375,
            1.9006714820861816,
            1.8103433847427368,
            1.8871208429336548,
            2.192711353302002,
            2.657803773880005,
            2.7767107486724854,
            3.286991596221924,
            3.629594326019287,
            3.8632302284240723,
            4.351871013641357,
            4.666428565979004,
            4.721124649047852,
            6.003270149230957,
            6.364763259887695
        ],
        [
            2.1206562519073486,
            1.8274319171905518,
            1.3105568885803223,
            1.0191141366958618,
            1.140993595123291,
            0.9555065631866455,
            0.5173479318618774,
            0.3972463011741638,
            0.25090646743774414,
            0.4283342659473419,
            0.6078362464904785,
            0.9480676651000977,
            1.2039543390274048,
            1.5217646360397339,
            1.5982519388198853,
            1.8047659397125244,
            1.6370043754577637,
            1.7568280696868896,
            1.9392751455307007,
            2.173908233642578,
            2.682284355163574,
            3.0645647048950195,
            3.6542134284973145,
            3.999368667602539,
            4.183935165405273,
            4.606504440307617,
            5.181389808654785,
            5.4525251388549805,
            6.378903388977051,
            7.367588043212891
        ],
        [
            2.45076060295105,
            2.932102918624878,
            1.4716477394104004,
            1.1757071018218994,
            0.9754093885421753,
            1.1497149467468262,
            0.8037554621696472,
            0.535789966583252,
            0.4283342659473419,
            0.25084713101387024,
            0.47061866521835327,
            0.6388704776763916,
            1.0317031145095825,
            1.39155912399292,
            1.5404765605926514,
            1.6337401866912842,
            1.4936497211456299,
            1.8576953411102295,
            1.8003172874450684,
            1.9945026636123657,
            2.9061431884765625,
            3.2516067028045654,
            3.8960862159729004,
            4.385236740112305,
            5.076258659362793,
            5.347286701202393,
            6.322790145874023,
            6.391829490661621,
            7.706875801086426,
            8.672454833984375
        ],
        [
            2.6014649868011475,
            2.8944201469421387,
            1.5798485279083252,
            1.4380824565887451,
            1.1604526042938232,
            1.0865793228149414,
            1.101973295211792,
            0.7903746366500854,
            0.6078362464904785,
            0.47061866521835327,
            0.25140729546546936,
            0.38458162546157837,
            0.9874313473701477,
            1.1206543445587158,
            1.5872855186462402,
            1.5197105407714844,
            1.4432742595672607,
            2.092848300933838,
            1.8226306438446045,
            1.8838026523590088,
            3.0398662090301514,
            3.2203903198242188,
            3.98203706741333,
            4.258572578430176,
            5.464406967163086,
            5.813641548156738,
            6.006026268005371,
            6.0406951904296875,
            7.808320999145508,
            7.944864749908447
        ],
        [
            2.686758041381836,
            2.2773523330688477,
            1.6492972373962402,
            1.613368272781372,
            1.443856954574585,
            1.1385242938995361,
            1.1869393587112427,
            1.2911851406097412,
            0.9480676651000977,
            0.6388704776763916,
            0.38458162546157837,
            0.25075188279151917,
            0.3808082342147827,
            0.7439020872116089,
            1.31056547164917,
            1.5690209865570068,
            1.3049993515014648,
            1.5448999404907227,
            1.54511559009552,
            1.8299684524536133,
            2.4745399951934814,
            2.6563310623168945,
            3.1820290088653564,
            3.621176242828369,
            4.368925094604492,
            4.330412864685059,
            4.889627933502197,
            5.24123477935791,
            6.335354804992676,
            6.027804374694824
        ],
        [
            2.7927660942077637,
            2.671802520751953,
            1.8532078266143799,
            1.9550752639770508,
            1.6821235418319702,
            1.4783653020858765,
            1.4209004640579224,
            1.449730396270752,
            1.2039543390274048,
            1.0317031145095825,
            0.9874313473701477,
            0.3808082342147827,
            0.25101038813591003,
            0.4953100085258484,
            0.7573997974395752,
            1.1045955419540405,
            1.535149097442627,
            1.4485490322113037,
            1.2845487594604492,
            1.6621592044830322,
            2.5058579444885254,
            2.444627285003662,
            2.6846132278442383,
            3.210794448852539,
            4.280121803283691,
            3.8824169635772705,
            3.9755046367645264,
            4.591621398925781,
            6.129288196563721,
            5.042706489562988
        ],
        [
            3.369223117828369,
            2.5884222984313965,
            2.434751272201538,
            2.731886863708496,
            2.1861603260040283,
            1.7454259395599365,
            1.5383727550506592,
            1.9004179239273071,
            1.5217646360397339,
            1.39155912399292,
            1.1206543445587158,
            0.7439020872116089,
            0.4953100085258484,
            0.25052428245544434,
            0.4248266816139221,
            0.8693051338195801,
            0.9770221710205078,
            1.0344277620315552,
            1.0993154048919678,
            1.399742841720581,
            1.7821402549743652,
            1.9722601175308228,
            2.3130850791931152,
            2.789355754852295,
            3.0093934535980225,
            3.36548113822937,
            3.351207971572876,
            3.5191407203674316,
            4.388205528259277,
            4.368893623352051
        ],
        [
            3.821117639541626,
            3.321486473083496,
            2.6426169872283936,
            2.8663103580474854,
            2.2037253379821777,
            1.970314860343933,
            2.1872527599334717,
            1.6978633403778076,
            1.5982519388198853,
            1.5404765605926514,
            1.5872855186462402,
            1.31056547164917,
            0.7573997974395752,
            0.4248266816139221,
            0.2505052983760834,
            0.4137561321258545,
            0.5064007043838501,
            0.8343501687049866,
            1.1597638130187988,
            1.0470681190490723,
            1.501554012298584,
            1.8585716485977173,
            2.3721723556518555,
            2.6922223567962646,
            2.993868112564087,
            3.8205838203430176,
            3.6981730461120605,
            3.3747479915618896,
            4.445521354675293,
            4.596427917480469
        ],
        [
            3.8662242889404297,
            3.0767245292663574,
            2.7994351387023926,
            3.0129783153533936,
            2.431427240371704,
            2.102555751800537,
            1.729601502418518,
            1.826019287109375,
            1.8047659397125244,
            1.6337401866912842,
            1.5197105407714844,
            1.5690209865570068,
            1.1045955419540405,
            0.8693051338195801,
            0.4137561321258545,
            0.25083795189857483,
            0.3957805037498474,
            0.5434532761573792,
            0.9700067043304443,
            1.3849613666534424,
            1.2128568887710571,
            1.6282248497009277,
            1.9409747123718262,
            2.2822389602661133,
            2.4385080337524414,
            2.9797301292419434,
            2.822125196456909,
            2.914708137512207,
            3.602220058441162,
            3.7507762908935547
        ],
        [
            3.655177116394043,
            3.0519180297851562,
            2.5727720260620117,
            2.644834041595459,
            2.2302374839782715,
            1.8122762441635132,
            1.6707130670547485,
            1.9006714820861816,
            1.6370043754577637,
            1.4936497211456299,
            1.4432742595672607,
            1.3049993515014648,
            1.535149097442627,
            0.9770221710205078,
            0.5064007043838501,
            0.3957805037498474,
            0.2510409951210022,
            0.3868752121925354,
            0.538372814655304,
            1.1157176494598389,
            1.4826648235321045,
            1.5188169479370117,
            1.7617826461791992,
            2.0854063034057617,
            2.6146554946899414,
            2.824444055557251,
            2.66666316986084,
            2.890221118927002,
            3.940215587615967,
            3.7669997215270996
        ],
        [
            3.931212902069092,
            4.157670497894287,
            2.694486379623413,
            2.662179708480835,
            2.220057487487793,
            2.0819923877716064,
            2.173614025115967,
            1.8103433847427368,
            1.7568280696868896,
            1.8576953411102295,
            2.092848300933838,
            1.5448999404907227,
            1.4485490322113037,
            1.0344277620315552,
            0.8343501687049866,
            0.5434532761573792,
            0.3868752121925354,
            0.2515961229801178,
            0.4280393123626709,
            0.6035760045051575,
            1.334699273109436,
            1.4005730152130127,
            1.8723781108856201,
            2.151102304458618,
            2.586442470550537,
            3.4433517456054688,
            3.0912222862243652,
            3.1541261672973633,
            4.40786075592041,
            4.2687578201293945
        ],
        [
            4.339026927947998,
            3.6574792861938477,
            3.033318042755127,
            3.079047918319702,
            2.5610854625701904,
            2.295525312423706,
            2.1324386596679688,
            1.8871208429336548,
            1.9392751455307007,
            1.8003172874450684,
            1.8226306438446045,
            1.54511559009552,
            1.2845487594604492,
            1.0993154048919678,
            1.1597638130187988,
            0.9700067043304443,
            0.538372814655304,
            0.4280393123626709,
            0.2508874535560608,
            0.45683038234710693,
            0.7101560235023499,
            1.4049901962280273,
            1.761157751083374,
            1.8979729413986206,
            2.186995506286621,
            3.1469147205352783,
            2.7094340324401855,
            2.5833451747894287,
            3.463409423828125,
            3.284069061279297
        ],
        [
            4.313799858093262,
            3.5566775798797607,
            3.0677380561828613,
            3.1609182357788086,
            2.6737782955169678,
            2.4175047874450684,
            2.166259765625,
            2.192711353302002,
            2.173908233642578,
            1.9945026636123657,
            1.8838026523590088,
            1.8299684524536133,
            1.6621592044830322,
            1.399742841720581,
            1.0470681190490723,
            1.3849613666534424,
            1.1157176494598389,
            0.6035760045051575,
            0.45683038234710693,
            0.25084254145622253,
            0.5069747567176819,
            0.8735057711601257,
            1.2655305862426758,
            1.592441439628601,
            1.7456557750701904,
            1.9798277616500854,
            1.9667556285858154,
            2.138451337814331,
            2.7717676162719727,
            2.848234176635742
        ],
        [
            4.5424957275390625,
            4.36411190032959,
            3.2042860984802246,
            3.015076160430908,
            2.8308112621307373,
            2.8563742637634277,
            2.7052271366119385,
            2.657803773880005,
            2.682284355163574,
            2.9061431884765625,
            3.0398662090301514,
            2.4745399951934814,
            2.5058579444885254,
            1.7821402549743652,
            1.501554012298584,
            1.2128568887710571,
            1.4826648235321045,
            1.334699273109436,
            0.7101560235023499,
            0.5069747567176819,
            0.25152191519737244,
            0.4897814393043518,
            0.7856359481811523,
            1.2244572639465332,
            2.300654888153076,
            2.022014856338501,
            1.6341606378555298,
            2.111614465713501,
            2.653371810913086,
            2.457130193710327
        ],
        [
            4.9135661125183105,
            4.387109756469727,
            3.6387147903442383,
            3.2945761680603027,
            3.264193534851074,
            3.224613666534424,
            2.9445643424987793,
            2.7767107486724854,
            3.0645647048950195,
            3.2516067028045654,
            3.2203903198242188,
            2.6563310623168945,
            2.444627285003662,
            1.9722601175308228,
            1.8585716485977173,
            1.6282248497009277,
            1.5188169479370117,
            1.4005730152130127,
            1.4049901962280273,
            0.8735057711601257,
            0.4897814393043518,
            0.2506743371486664,
            0.5046004056930542,
            1.1746258735656738,
            1.491052508354187,
            1.300769329071045,
            1.3493987321853638,
            1.6906542778015137,
            1.9318076372146606,
            2.086869239807129
        ],
        [
            5.637502193450928,
            5.082243919372559,
            3.938965320587158,
            3.6660919189453125,
            3.700197219848633,
            3.6845555305480957,
            3.507145404815674,
            3.286991596221924,
            3.6542134284973145,
            3.8960862159729004,
            3.98203706741333,
            3.1820290088653564,
            2.6846132278442383,
            2.3130850791931152,
            2.3721723556518555,
            1.9409747123718262,
            1.7617826461791992,
            1.8723781108856201,
            1.761157751083374,
            1.2655305862426758,
            0.7856359481811523,
            0.5046004056930542,
            0.25089114904403687,
            0.5117111206054688,
            0.6558471918106079,
            1.3513548374176025,
            1.6398264169692993,
            1.2508946657180786,
            1.4954800605773926,
            1.9589722156524658
        ],
        [
            5.697061538696289,
            5.136683464050293,
            4.362648010253906,
            3.8753747940063477,
            4.006473541259766,
            4.072343826293945,
            3.6951613426208496,
            3.629594326019287,
            3.999368667602539,
            4.385236740112305,
            4.258572578430176,
            3.621176242828369,
            3.210794448852539,
            2.789355754852295,
            2.6922223567962646,
            2.2822389602661133,
            2.0854063034057617,
            2.151102304458618,
            1.8979729413986206,
            1.592441439628601,
            1.2244572639465332,
            1.1746258735656738,
            0.5117111206054688,
            0.2513560354709625,
            0.4746272563934326,
            0.6686122417449951,
            1.3401999473571777,
            1.671851634979248,
            1.2207067012786865,
            1.6586554050445557
        ],
        [
            5.264786720275879,
            5.225960731506348,
            4.081350326538086,
            3.7218692302703857,
            3.68876314163208,
            4.100712776184082,
            4.00572395324707,
            3.8632302284240723,
            4.183935165405273,
            5.076258659362793,
            5.464406967163086,
            4.368925094604492,
            4.280121803283691,
            3.0093934535980225,
            2.993868112564087,
            2.4385080337524414,
            2.6146554946899414,
            2.586442470550537,
            2.186995506286621,
            1.7456557750701904,
            2.300654888153076,
            1.491052508354187,
            0.6558471918106079,
            0.4746272563934326,
            0.25055599212646484,
            0.49494215846061707,
            0.6362532377243042,
            1.6020004749298096,
            1.6388795375823975,
            1.4844107627868652
        ],
        [
            6.06827449798584,
            6.276264667510986,
            4.788938522338867,
            4.326859951019287,
            4.329856872558594,
            4.771350860595703,
            4.835158348083496,
            4.351871013641357,
            4.606504440307617,
            5.347286701202393,
            5.813641548156738,
            4.330412864685059,
            3.8824169635772705,
            3.36548113822937,
            3.8205838203430176,
            2.9797301292419434,
            2.824444055557251,
            3.4433517456054688,
            3.1469147205352783,
            1.9798277616500854,
            2.022014856338501,
            1.300769329071045,
            1.3513548374176025,
            0.6686122417449951,
            0.49494215846061707,
            0.250681072473526,
            0.4718136489391327,
            0.6427109837532043,
            1.2078046798706055,
            1.8895343542099
        ],
        [
            6.671917915344238,
            6.812243938446045,
            5.023557662963867,
            4.460847854614258,
            4.570686340332031,
            5.287450790405273,
            4.968379020690918,
            4.666428565979004,
            5.181389808654785,
            6.322790145874023,
            6.006026268005371,
            4.889627933502197,
            3.9755046367645264,
            3.351207971572876,
            3.6981730461120605,
            2.822125196456909,
            2.66666316986084,
            3.0912222862243652,
            2.7094340324401855,
            1.9667556285858154,
            1.6341606378555298,
            1.3493987321853638,
            1.6398264169692993,
            1.3401999473571777,
            0.6362532377243042,
            0.4718136489391327,
            0.2508068382740021,
            0.4732685089111328,
            0.6925138235092163,
            1.72170889377594
        ],
        [
            6.102939128875732,
            6.048896789550781,
            4.696614742279053,
            4.239046096801758,
            4.519847869873047,
            5.184593200683594,
            4.697864532470703,
            4.721124649047852,
            5.4525251388549805,
            6.391829490661621,
            6.0406951904296875,
            5.24123477935791,
            4.591621398925781,
            3.5191407203674316,
            3.3747479915618896,
            2.914708137512207,
            2.890221118927002,
            3.1541261672973633,
            2.5833451747894287,
            2.138451337814331,
            2.111614465713501,
            1.6906542778015137,
            1.2508946657180786,
            1.671851634979248,
            1.6020004749298096,
            0.6427109837532043,
            0.4732685089111328,
            0.2506115734577179,
            0.4917483329772949,
            0.8801462650299072
        ],
        [
            6.986085414886475,
            7.542450428009033,
            6.102359294891357,
            5.455757141113281,
            5.699611663818359,
            6.355247974395752,
            6.479623794555664,
            6.003270149230957,
            6.378903388977051,
            7.706875801086426,
            7.808320999145508,
            6.335354804992676,
            6.129288196563721,
            4.388205528259277,
            4.445521354675293,
            3.602220058441162,
            3.940215587615967,
            4.40786075592041,
            3.463409423828125,
            2.7717676162719727,
            2.653371810913086,
            1.9318076372146606,
            1.4954800605773926,
            1.2207067012786865,
            1.6388795375823975,
            1.2078046798706055,
            0.6925138235092163,
            0.4917483329772949,
            0.25090083479881287,
            0.5926703214645386
        ],
        [
            8.241405487060547,
            8.467683792114258,
            6.573643684387207,
            6.158897876739502,
            6.072265148162842,
            7.450257778167725,
            6.8019304275512695,
            6.364763259887695,
            7.367588043212891,
            8.672454833984375,
            7.944864749908447,
            6.027804374694824,
            5.042706489562988,
            4.368893623352051,
            4.596427917480469,
            3.7507762908935547,
            3.7669997215270996,
            4.2687578201293945,
            3.284069061279297,
            2.848234176635742,
            2.457130193710327,
            2.086869239807129,
            1.9589722156524658,
            1.6586554050445557,
            1.4844107627868652,
            1.8895343542099,
            1.72170889377594,
            0.8801462650299072,
            0.5926703214645386,
            0.251435250043869
        ]
    ]
}